image: /home/lc/maps/dojo.pgm
resolution: 0.050000
origin: [-7.652128, -7.741809, 0.000000]
negate: 0
occupied_thresh: 0.65
free_thresh: 0.196

